####################
                    
     IC REORDER    
                    
####################
Rust single run took 0.00 seconds
Python single run took 0.01 seconds
Target Matrix
[[1.   0.5  0.25 0.05]
 [0.5  1.   0.   0.3 ]
 [0.25 0.   1.   0.  ]
 [0.05 0.3  0.   1.  ]]
Rust Matrix
[[1.   0.49 0.24 0.05]
 [0.49 1.   0.   0.28]
 [0.24 0.   1.   0.  ]
 [0.05 0.28 0.   1.  ]]
Python Matrix
[[ 1.    0.48  0.24  0.05]
 [ 0.48  1.   -0.01  0.29]
 [ 0.24 -0.01  1.   -0.01]
 [ 0.05  0.29 -0.01  1.  ]]
                    
####################
                    
    IC IPC REORDER   
                    
####################
Rust single run took 0.04 seconds
Python single run took 0.04 seconds
Target Matrix
[[1.   0.5  0.25 0.05]
 [0.5  1.   0.   0.3 ]
 [0.25 0.   1.   0.  ]
 [0.05 0.3  0.   1.  ]]
Rust Matrix
[[ 1.    0.5   0.25  0.05]
 [ 0.5   1.   -0.    0.3 ]
 [ 0.25 -0.    1.    0.  ]
 [ 0.05  0.3   0.    1.  ]]
Python Matrix
[[ 1.    0.5   0.25  0.05]
 [ 0.5   1.   -0.    0.3 ]
 [ 0.25 -0.    1.    0.  ]
 [ 0.05  0.3   0.    1.  ]]
####################
                    
     ILS REORDER    
                    
####################
Rust single run took 7.37 seconds
Python single run took 6.88 seconds
Target Matrix
[[1.   0.5  0.25 0.05]
 [0.5  1.   0.   0.3 ]
 [0.25 0.   1.   0.  ]
 [0.05 0.3  0.   1.  ]]
Rust Matrix
[[1.   0.5  0.25 0.13]
 [0.5  1.   0.08 0.3 ]
 [0.25 0.08 1.   0.  ]
 [0.13 0.3  0.   1.  ]]
Python Matrix
[[ 1.    0.49  0.25  0.1 ]
 [ 0.49  1.    0.05  0.3 ]
 [ 0.25  0.05  1.   -0.  ]
 [ 0.1   0.3  -0.    1.  ]]
