####################
                    
     IC REORDER    
                    
####################
Rust single run took 0.00 seconds
Python single run took 0.01 seconds
Target Matrix
[[1.   0.5  0.25 0.05]
 [0.5  1.   0.   0.3 ]
 [0.25 0.   1.   0.  ]
 [0.05 0.3  0.   1.  ]]
Rust Matrix
[[1.   0.48 0.24 0.05]
 [0.48 1.   0.   0.29]
 [0.24 0.   1.   0.  ]
 [0.05 0.29 0.   1.  ]]
Python Matrix
[[ 1.    0.49  0.24  0.05]
 [ 0.49  1.   -0.    0.29]
 [ 0.24 -0.    1.   -0.  ]
 [ 0.05  0.29 -0.    1.  ]]
                    
####################
                    
    IC IPC REORDER   
                    
####################
Rust single run took 0.04 seconds
Python single run took 0.09 seconds
Target Matrix
[[1.   0.5  0.25 0.05]
 [0.5  1.   0.   0.3 ]
 [0.25 0.   1.   0.  ]
 [0.05 0.3  0.   1.  ]]
Rust Matrix
[[ 1.    0.5   0.25  0.05]
 [ 0.5   1.    0.    0.3 ]
 [ 0.25  0.    1.   -0.  ]
 [ 0.05  0.3  -0.    1.  ]]
Python Matrix
[[ 1.    0.5   0.25  0.05]
 [ 0.5   1.    0.    0.3 ]
 [ 0.25  0.    1.   -0.  ]
 [ 0.05  0.3  -0.    1.  ]]
####################
                    
     ILS REORDER    
                    
####################
Rust single run took 7.50 seconds
Python single run took 14.64 seconds
Target Matrix
[[1.   0.5  0.25 0.05]
 [0.5  1.   0.   0.3 ]
 [0.25 0.   1.   0.  ]
 [0.05 0.3  0.   1.  ]]
Rust Matrix
[[1.   0.49 0.25 0.12]
 [0.49 1.   0.07 0.3 ]
 [0.25 0.07 1.   0.  ]
 [0.12 0.3  0.   1.  ]]
Python Matrix
[[1.   0.5  0.25 0.12]
 [0.5  1.   0.07 0.3 ]
 [0.25 0.07 1.   0.  ]
 [0.12 0.3  0.   1.  ]]
